30 10
1.018418550491333 0.5631943941116333 0.7236829996109009 0.22924409806728363 1.1490694284439087 0.5749810934066772 0.3475886881351471 0.07688355445861816 0.4952848255634308 0.03982216864824295 0.06462322920560837 0.12497977912425995 0.5396401882171631 0.2401077300310135 0.21014440059661865 0.12075008451938629 0.1771126389503479 0.05623939633369446 0.09633901715278625 0.5686644911766052 0.004768155515193939 0.022727692499756813 0.0626857727766037 0.0050028120167553425 0.0021156163420528173 1.0957257747650146 0.020619455724954605 0.02553851343691349 0.022141121327877045 0.014131845906376839
0.144 0.073 0.059 0.041 0.027 0.035 0.024 0.023 0.009 0.012 0.017 0.012 0.006 0.016 0.023 0.013 0.02 0.004 0.018 0.015 0.011 0.004 0.017 0.004 0.012 0.017 0.015 0.004 0.008 0.005
0.194 0.161 0.133 0.127 0.111 0.102 0.096 0.114 0.084 0.095 0.129 0.103 0.096 0.113 0.098 0.083 0.097 0.078 0.095 0.085 0.087 0.095 0.116 0.081 0.1 0.102 0.078 0.084 0.079 0.068
1.684532642364502 2.0487189292907715 0.5210843086242676 0.37547630071640015 0.2625807225704193 1.1295530796051025 0.4623449444770813 0.18318845331668854 0.15637335181236267 0.013734482228755951 0.01819436624646187 0.32668983936309814 0.150544673204422 0.44536715745925903 0.8315954208374023 0.18333598971366882 0.009080768562853336 0.1995813548564911 0.1722303032875061 0.015599505975842476 0.6714798212051392 0.38535740971565247 0.45652973651885986 0.4182245135307312 0.7358673214912415 0.14165155589580536 0.003737299470230937 0.0029567675665020943 0.3200666904449463 0.10600865632295609
0.244 0.128 0.078 0.031 0.065 0.037 0.026 0.024 0.027 0.005 0.024 0.018 0.018 0.015 0.009 0.014 0.018 0.011 0.016 0.016 0.023 0.012 0.009 0.016 0.021 0.012 0.006 0.013 0.01 0.005
0.26 0.174 0.149 0.115 0.123 0.102 0.109 0.104 0.074 0.09 0.1 0.103 0.096 0.09 0.088 0.085 0.093 0.086 0.08 0.094 0.089 0.095 0.078 0.082 0.093 0.074 0.067 0.08 0.07 0.073
2.609541416168213 1.8859972953796387 0.18144354224205017 0.49364152550697327 1.5792489051818848 1.3996455669403076 0.5301761031150818 0.033047258853912354 0.23808446526527405 0.7056100964546204 0.6227600574493408 0.09801919758319855 0.2655896246433258 0.34888607263565063 0.539750874042511 0.8338743448257446 0.39809125661849976 0.08614764362573624 0.11091189086437225 0.004472550470381975 0.21112091839313507 0.006644739303737879 0.17380015552043915 1.3996261358261108 1.253341555595398 0.7898560762405396 0.16051003336906433 0.08209770917892456 0.0044838073663413525 0.016231834888458252
0.158 0.08 0.081 0.05 0.05 0.027 0.034 0.017 0.026 0.012 0.022 0.025 0.018 0.009 0.029 0.013 0.021 0.005 0.013 0.008 0.011 0.026 0.02 0.01 0.007 0.014 0.012 0.006 0.004 0.011
0.189 0.14 0.137 0.112 0.12 0.11 0.093 0.082 0.107 0.09 0.076 0.097 0.065 0.079 0.099 0.088 0.076 0.07 0.064 0.07 0.067 0.085 0.086 0.056 0.077 0.09 0.056 0.074 0.06 0.064
0.9118984937667847 0.5634573698043823 0.17598474025726318 0.586201548576355 1.2123243808746338 0.19149920344352722 0.10723013430833817 0.21082790195941925 0.34180960059165955 0.12194084376096725 0.06753569841384888 0.33768364787101746 0.43564707040786743 0.014843577519059181 0.8476762771606445 0.17812028527259827 0.026242563501000404 0.059636544436216354 0.0752720758318901 0.013301234692335129 0.248428612947464 0.4297167658805847 0.18153339624404907 0.28374147415161133 0.08049959689378738 1.1257280111312866 0.020835474133491516 0.030965149402618408 0.032115086913108826 0.003541180631145835
0.178 0.101 0.058 0.057 0.021 0.03 0.029 0.023 0.048 0.025 0.029 0.017 0.012 0.031 0.016 0.018 0.024 0.029 0.011 0.01 0.014 0.018 0.02 0.032 0.011 0.006 0.011 0.004 0.011 0.009
0.201 0.151 0.135 0.127 0.123 0.116 0.106 0.122 0.137 0.101 0.115 0.111 0.098 0.092 0.087 0.097 0.082 0.094 0.08 0.081 0.087 0.083 0.101 0.117 0.085 0.078 0.074 0.075 0.083 0.071
1.8981554508209229 2.7404565811157227 0.5344933271408081 0.7574283480644226 0.6368982195854187 0.3668779134750366 0.3302524983882904 0.2526584267616272 0.17480766773223877 0.7498651742935181 0.09028653800487518 0.029666198417544365 0.22675545513629913 0.008044914342463017 0.032245222479104996 0.23633098602294922 0.15052175521850586 0.035901930183172226 0.040283992886543274 0.1457839459180832 0.029955903068184853 0.3376805782318115 0.016497986391186714 0.04500257968902588 0.02002944052219391 0.050422437489032745 0.0247991643846035 0.012372602708637714 0.5970960259437561 0.003837053431198001
0.144 0.09 0.05 0.062 0.034 0.032 0.024 0.026 0.013 0.017 0.022 0.033 0.023 0.017 0.012 0.011 0.01 0.009 0.01 0.029 0.021 0.012 0.008 0.005 0.015 0.004 0.008 0.008 0.012 0.007
0.196 0.152 0.127 0.133 0.129 0.114 0.1 0.081 0.106 0.093 0.093 0.083 0.083 0.078 0.094 0.091 0.077 0.063 0.093 0.099 0.083 0.062 0.061 0.072 0.064 0.08 0.072 0.06 0.068 0.064
2.3077783584594727 0.6347240209579468 0.6212817430496216 0.2520036995410919 0.9088469743728638 0.8204104900360107 1.2468782663345337 0.22680939733982086 0.5733869671821594 0.04219752922654152 0.01460886187851429 0.019704807549715042 0.1977314054965973 0.02490890957415104 0.194608673453331 0.5012853145599365 1.2553683519363403 0.28342634439468384 1.3225185871124268 0.4948922395706177 0.018447916954755783 0.5755626559257507 0.018232446163892746 0.11101219058036804 0.01763337291777134 0.02697724476456642 0.04656396806240082 0.412231981754303 0.004840331617742777 0.013044299557805061
0.194 0.104 0.071 0.066 0.07 0.06 0.022 0.043 0.03 0.023 0.016 0.02 0.023 0.011 0.008 0.019 0.01 0.01 0.01 0.024 0.009 0.013 0.005 0.007 0.008 0.009 0.009 0.017 0.008 0.01
0.195 0.171 0.129 0.135 0.14 0.124 0.101 0.129 0.119 0.1 0.093 0.093 0.112 0.086 0.077 0.074 0.081 0.102 0.1 0.106 0.103 0.103 0.068 0.086 0.076 0.07 0.087 0.091 0.082 0.081
1.1720964908599854 2.270601272583008 0.4060388505458832 0.8249673247337341 0.09235429763793945 1.4042487144470215 2.6213207244873047 0.27146774530410767 0.3552960753440857 0.5047071576118469 0.11714103817939758 0.0283169187605381 0.9459825754165649 0.5708507299423218 0.8163076639175415 0.08796750754117966 0.19383952021598816 0.08438654243946075 0.1447095423936844 0.06510049104690552 0.20096206665039062 0.07234468311071396 0.10756314545869827 1.1138936281204224 0.3346460163593292 0.03580934926867485 0.3151755630970001 0.11024903506040573 0.8344326615333557 0.004506576806306839
0.143 0.104 0.084 0.063 0.044 0.03 0.029 0.036 0.017 0.032 0.015 0.018 0.023 0.023 0.022 0.022 0.014 0.023 0.026 0.026 0.014 0.011 0.018 0.009 0.015 0.006 0.018 0.008 0.005 0.012
0.132 0.136 0.143 0.122 0.103 0.086 0.084 0.1 0.084 0.099 0.087 0.092 0.075 0.078 0.096 0.081 0.088 0.079 0.09 0.09 0.065 0.084 0.066 0.075 0.065 0.069 0.074 0.076 0.064 0.077
2.2704033851623535 0.37236300110816956 0.4536898136138916 0.23693737387657166 0.2803216278553009 0.20158447325229645 0.48751163482666016 0.38932520151138306 0.008348373696208 0.4940769076347351 0.1634601652622223 1.0258278846740723 0.0302615687251091 0.18932780623435974 0.7287184000015259 0.36650899052619934 1.0814216136932373 0.008703116327524185 0.08003947138786316 0.7678697109222412 0.8566105961799622 0.19627641141414642 0.04169677197933197 0.030713513493537903 0.1978154331445694 0.3511703610420227 0.16400447487831116 0.9187726378440857 0.14690877497196198 0.0073790038004517555
0.158 0.121 0.058 0.051 0.047 0.034 0.04 0.031 0.014 0.049 0.031 0.026 0.048 0.024 0.009 0.014 0.012 0.015 0.012 0.017 0.013 0.015 0.007 0.01 0.01 0.009 0.011 0.005 0.014 0.011
0.198 0.166 0.122 0.117 0.138 0.141 0.109 0.094 0.084 0.094 0.094 0.096 0.125 0.084 0.105 0.084 0.08 0.087 0.084 0.088 0.085 0.078 0.069 0.089 0.069 0.074 0.061 0.073 0.067 0.088
1.8193557262420654 1.3317548036575317 0.29680657386779785 0.9400362372398376 0.3056647479534149 0.11318427324295044 0.03301949054002762 0.5161777138710022 0.39749065041542053 0.8890790343284607 0.4318733811378479 0.19972434639930725 0.24017906188964844 0.2849991023540497 0.08337879180908203 0.13029897212982178 0.026578303426504135 0.1657196432352066 0.5670693516731262 0.0019317165715619922 0.4441484212875366 0.32794100046157837 1.570507526397705 0.3336653709411621 0.029936017468571663 0.08018012344837189 0.31925198435783386 0.008308729156851768 0.0032082812394946814 0.08608587831258774
0.18 0.104 0.074 0.05 0.047 0.031 0.029 0.025 0.035 0.034 0.011 0.017 0.019 0.014 0.009 0.008 0.021 0.011 0.012 0.011 0.012 0.007 0.013 0.02 0.016 0.013 0.007 0.009 0.008 0.018
0.165 0.142 0.133 0.098 0.095 0.105 0.09 0.09 0.124 0.091 0.084 0.088 0.089 0.079 0.059 0.07 0.081 0.071 0.056 0.061 0.071 0.072 0.055 0.06 0.067 0.068 0.056 0.055 0.037 0.057
1.8074162006378174 0.5331394076347351 0.7165288329124451 1.0508310794830322 1.3685239553451538 0.6314621567726135 0.27111464738845825 1.7836811542510986 1.5110825300216675 0.31049734354019165 0.5820794701576233 0.17636753618717194 0.01391313411295414 0.05277940630912781 0.08828695863485336 0.6066057682037354 0.41287797689437866 0.18797919154167175 1.2679922580718994 1.0332365036010742 0.3283495604991913 0.029771097004413605 1.6336889266967773 0.06102260947227478 0.08362783491611481 0.1750521957874298 0.6467422842979431 0.2693670690059662 0.10594752430915833 0.08512309938669205
0.178 0.116 0.061 0.052 0.03 0.032 0.048 0.038 0.032 0.023 0.02 0.008 0.022 0.019 0.02 0.007 0.017 0.013 0.024 0.012 0.017 0.011 0.012 0.005 0.005 0.007 0.005 0.01 0.014 0.013
0.191 0.147 0.116 0.107 0.115 0.095 0.114 0.085 0.092 0.096 0.081 0.088 0.1 0.083 0.084 0.067 0.079 0.084 0.088 0.084 0.071 0.072 0.077 0.076 0.064 0.058 0.065 0.064 0.067 0.059
[average] loss: 0.033988941460847855, train error rate: 0.0101, test error rate: 0.07020000000000001
