25 15
0.9066819548606873 0.2259165197610855 0.3631783127784729 0.34898456931114197 0.20950618386268616 0.6432173252105713 0.249750554561615 0.07088473439216614 0.043974388390779495 0.0017563222208991647 0.0013670026091858745 0.0008663528133183718 0.0004160375101491809 0.0007046544924378395 0.00036628125235438347 0.0003382005379535258 0.0003009089850820601 2.0786315872101113e-05 0.00010385490895714611 2.9354987418628298e-06 0.0005413528997451067 0.0002037671656580642 0.00024136666615959257 0.00010916648898273706 0.0004427478997968137
0.168 0.14 0.065 0.062 0.038 0.036 0.052 0.006 0.007 0.0 0.0 0.0 0.0 0.0 0.0 0.0 0.0 0.0 0.0 0.0 0.0 0.0 0.0 0.0 0.0
0.232 0.231 0.204 0.216 0.214 0.233 0.224 0.185 0.19 0.181 0.178 0.183 0.184 0.185 0.179 0.184 0.183 0.181 0.188 0.184 0.182 0.184 0.182 0.18 0.186
0.7474532127380371 0.3570149540901184 0.39890214800834656 0.20487791299819946 0.0989745482802391 0.06955112516880035 0.12383000552654266 0.0751480832695961 0.006073858123272657 0.0005803652456961572 0.000474541011499241 0.003909954335540533 0.00037077261367812753 5.859627344761975e-05 0.0018399698892608285 0.00032553449273109436 0.0009645678219385445 0.00025150616420432925 1.2472110029193573e-05 0.0007178261294029653 0.00030640632030554116 0.00022288490436039865 0.000118988988106139 0.0006021033623255789 3.5865399695467204e-05
0.235 0.177 0.092 0.065 0.098 0.037 0.018 0.004 0.009 0.0 0.0 0.0 0.0 0.0 0.0 0.0 0.0 0.0 0.0 0.0 0.0 0.0 0.0 0.0 0.0
0.273 0.234 0.213 0.199 0.227 0.204 0.202 0.188 0.199 0.182 0.179 0.184 0.181 0.182 0.182 0.18 0.18 0.18 0.18 0.182 0.176 0.179 0.182 0.18 0.184
0.5073471069335938 0.31795763969421387 0.6912173628807068 0.16767099499702454 0.4062867760658264 0.1176198422908783 0.6518363356590271 0.03833213075995445 0.002074556890875101 0.0016551404260098934 0.012966671958565712 0.0009691895684227347 0.0010890772100538015 0.0008452812326140702 0.0004168034065514803 0.000594151730183512 0.0007816688739694655 0.00020657337154261768 0.00017850154836196452 0.00044202696881257 0.00016475000302307308 9.615573071641847e-05 0.0004241483984515071 9.608034451957792e-05 2.8072583518223837e-05
0.208 0.172 0.103 0.053 0.05 0.024 0.165 0.018 0.006 0.0 0.0 0.0 0.0 0.0 0.0 0.0 0.0 0.0 0.0 0.0 0.0 0.0 0.0 0.0 0.0
0.26 0.237 0.224 0.2 0.198 0.192 0.292 0.22 0.208 0.188 0.186 0.183 0.186 0.184 0.186 0.185 0.194 0.187 0.184 0.177 0.188 0.183 0.181 0.185 0.18
0.6214092969894409 0.8882303237915039 0.5559329986572266 0.2422945350408554 0.12239112704992294 0.08611531555652618 0.23245787620544434 0.005460451822727919 0.19883008301258087 0.02041713148355484 0.01506020687520504 0.0007162692490965128 8.612564124632627e-05 0.0009750151075422764 0.00017490197205916047 2.698314710869454e-05 6.911738455528393e-05 0.00015669794811401516 0.0001043763622874394 0.000824637885671109 0.00017837704217527062 0.00015178551257122308 0.0007889130502007902 0.0008873788174241781 9.953849257726688e-06
0.216 0.158 0.155 0.069 0.07 0.017 0.01 0.011 0.021 0.001 0.016 0.005 0.0 0.0 0.0 0.0 0.0 0.0 0.0 0.0 0.0 0.0 0.0 0.0 0.0
0.27 0.236 0.256 0.185 0.217 0.178 0.187 0.176 0.207 0.174 0.19 0.184 0.167 0.173 0.172 0.17 0.174 0.176 0.17 0.169 0.176 0.167 0.173 0.176 0.169
0.34059175848960876 0.4080287218093872 0.30425289273262024 0.12380075454711914 0.23338638246059418 0.10121221840381622 0.14677515625953674 0.008639439009130001 0.34924036264419556 0.030451374128460884 0.02537565492093563 0.002164508681744337 0.0008559047128073871 0.00036022820859216154 0.0010691678617149591 0.0004582450201269239 0.0002257198648294434 5.303724901750684e-05 6.63091050228104e-05 0.00036640101461671293 0.0010892396094277501 6.479861622210592e-05 0.0001642692368477583 0.00041869960841722786 0.00030235707527026534
0.229 0.222 0.223 0.094 0.035 0.02 0.01 0.005 0.037 0.002 0.003 0.0 0.0 0.0 0.0 0.0 0.0 0.0 0.0 0.0 0.0 0.0 0.0 0.0 0.0
0.229 0.263 0.268 0.201 0.176 0.178 0.169 0.178 0.191 0.152 0.162 0.162 0.16 0.158 0.154 0.159 0.157 0.163 0.157 0.156 0.158 0.16 0.159 0.154 0.156
0.5380547642707825 0.5254619717597961 0.28688353300094604 0.4277382791042328 0.6720467805862427 0.08850853145122528 0.059292323887348175 0.060282446444034576 0.006471356377005577 0.0011028298176825047 0.0003124101203866303 4.271893703844398e-05 0.0012137879384681582 0.0012528293300420046 0.00031658646184951067 0.00023246895580086857 0.00056601467076689 0.0007628084858879447 6.521256727864966e-05 3.249681685701944e-05 9.833993681240827e-05 0.00035909118014387786 0.00027286773547530174 5.8049863582709804e-05 4.064706445205957e-05
0.202 0.145 0.101 0.045 0.035 0.031 0.012 0.023 0.022 0.001 0.0 0.0 0.0 0.0 0.0 0.0 0.0 0.0 0.0 0.0 0.0 0.0 0.0 0.0 0.0
0.251 0.242 0.233 0.227 0.23 0.229 0.217 0.227 0.226 0.21 0.203 0.21 0.201 0.208 0.21 0.209 0.208 0.207 0.208 0.21 0.206 0.21 0.205 0.209 0.209
0.5361257791519165 0.8630365133285522 0.5714555978775024 0.554008960723877 0.10333267599344254 0.12205924093723297 0.5710749626159668 0.194435715675354 0.0033779784571379423 0.0015673579182475805 0.0016603890107944608 0.0005761755746789277 0.0005680876201950014 0.0003780717961490154 5.476885780808516e-05 0.0001963863760465756 8.419385994784534e-05 0.00024906705948524177 0.0005289578693918884 1.2278330359549727e-05 0.00039250330883078277 0.00014792925503570586 0.00013092841254547238 7.60431430535391e-05 3.781640771194361e-05
0.304 0.117 0.131 0.113 0.132 0.02 0.041 0.008 0.0 0.0 0.0 0.0 0.0 0.0 0.0 0.0 0.0 0.0 0.0 0.0 0.0 0.0 0.0 0.0 0.0
0.327 0.215 0.234 0.244 0.26 0.208 0.207 0.203 0.188 0.189 0.189 0.188 0.189 0.19 0.187 0.189 0.188 0.187 0.197 0.19 0.184 0.19 0.186 0.194 0.183
0.8571792244911194 0.37244129180908203 0.28717419505119324 0.032545484602451324 0.10384206473827362 0.2798570692539215 0.0918034091591835 0.0577913373708725 0.001744250301271677 0.00025584149989299476 0.002017319668084383 0.0017531394260004163 0.0002572429657448083 0.0002541455323807895 0.0001225466257892549 3.495511191431433e-05 5.8522677136352286e-05 4.5399890950648114e-05 0.00021860780543647707 0.00021046644542366266 0.00021106493659317493 0.00028553541051223874 5.304135993355885e-05 0.0002840281231328845 0.0008086279849521816
0.281 0.149 0.114 0.05 0.053 0.015 0.012 0.009 0.0 0.0 0.0 0.0 0.0 0.0 0.0 0.0 0.0 0.0 0.0 0.0 0.0 0.0 0.0 0.0 0.0
0.302 0.226 0.231 0.223 0.209 0.194 0.214 0.205 0.188 0.192 0.196 0.187 0.187 0.19 0.188 0.192 0.189 0.191 0.188 0.194 0.191 0.19 0.194 0.192 0.19
0.5411970615386963 0.5528478622436523 0.42597177624702454 0.27583521604537964 0.37148231267929077 0.21100670099258423 0.04443506896495819 0.010672766715288162 0.007068119943141937 0.0024243700318038464 0.002955749398097396 0.0009349643951281905 0.001409555901773274 0.0003207689442206174 0.0002839442458935082 0.0006447748746722937 0.0001287301565753296 0.00030311805312521756 0.0002944036677945405 7.269638444995508e-05 0.0002899257524404675 8.597876330895815e-06 0.00017877166101243347 0.00032764027127996087 0.0005447687581181526
0.197 0.194 0.118 0.087 0.076 0.018 0.01 0.005 0.008 0.002 0.0 0.0 0.0 0.0 0.0 0.0 0.0 0.0 0.0 0.0 0.0 0.0 0.0 0.0 0.0
0.215 0.256 0.184 0.181 0.176 0.172 0.177 0.163 0.166 0.181 0.155 0.153 0.15 0.151 0.149 0.15 0.151 0.15 0.152 0.153 0.148 0.151 0.15 0.147 0.15
0.4635852873325348 0.5331175327301025 0.23142439126968384 0.2554658055305481 0.07886100560426712 0.04400685802102089 0.11586235463619232 0.13371436297893524 0.07740869373083115 0.026311680674552917 0.002456460613757372 0.011798223480582237 0.005186831578612328 0.0007937572081573308 0.002686094492673874 0.0013522980734705925 9.044904800248332e-06 0.0025433313567191362 9.6408803074155e-06 2.3318994863075204e-05 0.00016930386482272297 8.608796633780003e-05 0.00010115874465554953 0.000628232432063669 3.871010267175734e-05
0.198 0.159 0.094 0.078 0.046 0.034 0.004 0.016 0.045 0.017 0.0 0.0 0.0 0.0 0.0 0.0 0.0 0.0 0.0 0.0 0.0 0.0 0.0 0.0 0.0
0.237 0.228 0.209 0.23 0.212 0.218 0.193 0.201 0.244 0.207 0.194 0.19 0.188 0.192 0.192 0.189 0.188 0.186 0.193 0.184 0.19 0.188 0.191 0.189 0.191
0.590927004814148 0.4798683226108551 0.6351855993270874 0.21133121848106384 0.26820358633995056 0.21267107129096985 0.008648392744362354 0.020975232124328613 0.14820517599582672 0.0007233376381918788 0.00029887681012041867 0.0016078002518042922 7.512651063734666e-05 0.0004593989287968725 0.00023334314755629748 0.0008673965930938721 0.0002661131147760898 0.0004476045141927898 6.35735850664787e-05 4.9051344831241295e-05 9.27346118260175e-05 0.0001056872570188716 0.00014545263547915965 2.5539296984788962e-05 8.123039151541889e-05
0.222 0.163 0.11 0.072 0.052 0.03 0.009 0.004 0.019 0.0 0.0 0.0 0.0 0.0 0.0 0.0 0.0 0.0 0.0 0.0 0.0 0.0 0.0 0.0 0.0
0.251 0.248 0.213 0.202 0.207 0.205 0.186 0.201 0.221 0.197 0.182 0.184 0.183 0.18 0.18 0.182 0.178 0.181 0.179 0.183 0.185 0.184 0.182 0.18 0.181
0.7363458871841431 0.13413883745670319 0.7542036175727844 0.11046341806650162 0.2570768892765045 0.08761966973543167 0.23900653421878815 0.13516250252723694 0.011496092192828655 0.005186512600630522 0.004070494789630175 0.0017710290849208832 0.0011831892188638449 0.0005171351367607713 5.877648072782904e-05 3.1081013730727136e-05 0.00040922730113379657 0.000615364988334477 0.0002530071942601353 0.00024464307352900505 0.00025274755898863077 0.00016748087364248931 0.0011289941612631083 0.00030878421966917813 0.00024085039331112057
0.189 0.154 0.095 0.087 0.048 0.017 0.009 0.009 0.012 0.0 0.0 0.0 0.0 0.0 0.0 0.0 0.0 0.0 0.0 0.0 0.0 0.0 0.0 0.0 0.0
0.223 0.218 0.208 0.202 0.197 0.176 0.184 0.195 0.213 0.189 0.184 0.172 0.166 0.178 0.172 0.174 0.176 0.176 0.176 0.172 0.175 0.178 0.17 0.175 0.173
0.3771740198135376 0.38214558362960815 0.20744721591472626 0.5404531359672546 0.07030029594898224 0.10821971297264099 0.39449602365493774 0.006968767382204533 0.22285078465938568 0.10306590795516968 0.0134729640558362 0.00367944804020226 0.0011204768670722842 0.000523282855283469 0.0002595651021692902 0.00034365180181339383 0.00025707189342938364 0.0003509421076159924 0.00019697117386385798 9.540255996398628e-05 0.00017775161541067064 0.0007050897693261504 0.00012180321937194094 0.00024847089662216604 0.0004948437563143671
0.218 0.156 0.134 0.104 0.062 0.058 0.027 0.046 0.046 0.001 0.0 0.0 0.0 0.0 0.0 0.0 0.0 0.0 0.0 0.0 0.0 0.0 0.0 0.0 0.0
0.241 0.22 0.243 0.248 0.209 0.239 0.216 0.254 0.229 0.205 0.202 0.189 0.192 0.183 0.186 0.184 0.183 0.181 0.185 0.19 0.18 0.182 0.187 0.181 0.185
0.5355314612388611 0.5697478652000427 0.6241559386253357 0.03637056425213814 0.4036289155483246 0.12306074053049088 0.27193084359169006 0.0006842432194389403 0.0003952345286961645 0.00032459484646096826 0.002734218491241336 0.00013196139479987323 0.00011123938020318747 2.4391913029830903e-05 8.395416080020368e-05 0.0007432041456922889 0.00010670953633962199 6.531797407660633e-05 9.254209726350382e-05 0.0003242507518734783 0.00011657168943202123 0.00037237253854982555 0.0005935209919698536 0.0002137804258381948 8.806753612589091e-05
0.209 0.163 0.124 0.047 0.044 0.018 0.06 0.01 0.0 0.0 0.0 0.0 0.0 0.0 0.0 0.0 0.0 0.0 0.0 0.0 0.0 0.0 0.0 0.0 0.0
0.221 0.205 0.222 0.187 0.199 0.169 0.18 0.164 0.162 0.169 0.17 0.167 0.171 0.167 0.169 0.168 0.169 0.174 0.169 0.171 0.17 0.166 0.168 0.17 0.174
0.41638466715812683 0.7174573540687561 0.9439712166786194 0.4238537549972534 0.344582200050354 0.09972726553678513 0.056499965488910675 0.11595439165830612 0.005957624409347773 0.14118601381778717 0.00034629038418643177 0.005529879126697779 0.0002053522039204836 0.0012201941572129726 0.00156308151781559 8.119954873109236e-05 7.176204962888733e-05 0.0001115642226068303 0.0002573581878095865 9.714320185594261e-05 1.886412428575568e-05 0.00023029842122923583 0.00047019647900015116 0.0006503055337816477 6.563155329786241e-05
0.225 0.129 0.089 0.074 0.038 0.073 0.012 0.004 0.005 0.021 0.0 0.0 0.0 0.0 0.0 0.0 0.0 0.0 0.0 0.0 0.0 0.0 0.0 0.0 0.0
0.259 0.238 0.215 0.245 0.224 0.226 0.193 0.211 0.201 0.238 0.201 0.199 0.189 0.193 0.202 0.193 0.199 0.195 0.195 0.199 0.194 0.198 0.189 0.19 0.196
loss: 0.00021734605252277106, train error rate: 0.0, test error rate: 0.1804666666666667
