25 15
0.6920049786567688 0.8654668927192688 1.08795166015625 1.2275851964950562 0.4617767035961151 0.29271531105041504 0.9375311732292175 0.64816814661026 0.29122164845466614 0.5259628295898438 0.012242605909705162 0.24142053723335266 0.011450285091996193 0.06706094741821289 0.03535902127623558 0.04567757993936539 0.08068053424358368 0.008704292587935925 0.3641078472137451 0.15742908418178558 0.045326851308345795 0.07068692147731781 0.0008184115868061781 0.000525299517903477 0.0004038682673126459
0.256 0.515 0.426 0.503 0.228 0.1 0.113 0.14 0.061 0.265 0.054 0.058 0.026 0.022 0.041 0.036 0.013 0.008 0.088 0.046 0.099 0.003 0.0 0.0 0.0
0.318 0.537 0.478 0.532 0.303 0.201 0.209 0.231 0.184 0.293 0.195 0.228 0.182 0.188 0.215 0.212 0.186 0.187 0.25 0.197 0.24 0.185 0.165 0.173 0.176
0.6939780712127686 0.8005645871162415 0.48446333408355713 0.21333181858062744 0.6197972297668457 0.324457049369812 0.49984675645828247 0.5127484202384949 0.4491944909095764 0.45565056800842285 0.5479065179824829 0.7590960264205933 0.09320280700922012 0.043562572449445724 0.07163761556148529 0.31140637397766113 0.0717952623963356 0.011739400215446949 0.01138400286436081 0.02393895387649536 0.2112257033586502 0.028085855767130852 0.048298340290784836 0.003476646263152361 0.005649927072227001
0.419 0.532 0.287 0.189 0.151 0.162 0.139 0.116 0.372 0.149 0.167 0.13 0.065 0.036 0.051 0.071 0.031 0.024 0.013 0.019 0.179 0.022 0.004 0.002 0.029
0.429 0.527 0.329 0.25 0.221 0.245 0.23 0.222 0.395 0.252 0.283 0.261 0.21 0.202 0.2 0.229 0.212 0.2 0.187 0.188 0.287 0.221 0.202 0.185 0.197
0.6742979288101196 0.7099247574806213 0.36470118165016174 0.6915366649627686 0.28338873386383057 0.2568475008010864 0.33322444558143616 0.3866373896598816 0.25885388255119324 0.49493685364723206 0.22747871279716492 0.40207639336586 0.14207929372787476 0.2636300325393677 0.5500823259353638 0.7138615250587463 0.027394410222768784 0.1559300422668457 0.26374509930610657 0.14044184982776642 0.23713554441928864 0.03766239434480667 0.02217777445912361 0.03854642063379288 0.0013641552068293095
0.448 0.425 0.338 0.266 0.243 0.172 0.17 0.107 0.099 0.266 0.091 0.195 0.06 0.075 0.391 0.054 0.024 0.087 0.125 0.033 0.086 0.141 0.012 0.017 0.004
0.432 0.462 0.378 0.258 0.253 0.207 0.247 0.203 0.21 0.343 0.216 0.305 0.187 0.236 0.453 0.24 0.209 0.208 0.28 0.202 0.243 0.286 0.189 0.207 0.181
0.5997105240821838 0.7427901029586792 0.37719544768333435 0.1738465428352356 0.78359454870224 0.5977385640144348 0.6169582605361938 0.15915612876415253 0.40385451912879944 0.7277534008026123 0.2889314591884613 0.5585688352584839 0.4426294267177582 0.1015981137752533 0.11923014372587204 0.2407800704240799 0.009184775874018669 0.026225488632917404 0.015894731506705284 0.04438203573226929 0.13171875476837158 0.054426103830337524 0.07950083911418915 0.03665051609277725 0.0031678369268774986
0.457 0.272 0.273 0.164 0.231 0.157 0.188 0.1 0.141 0.254 0.062 0.274 0.337 0.028 0.067 0.068 0.017 0.015 0.032 0.034 0.033 0.015 0.037 0.003 0.0
0.462 0.28 0.295 0.218 0.275 0.216 0.246 0.194 0.234 0.318 0.18 0.335 0.38 0.18 0.21 0.218 0.184 0.194 0.198 0.207 0.209 0.193 0.208 0.192 0.189
0.5964648723602295 0.797440767288208 0.37578094005584717 0.4902760982513428 0.1817905604839325 0.3620496392250061 0.2388714849948883 0.20195917785167694 0.10369393229484558 0.5019205212593079 0.1970365345478058 0.16670207679271698 0.6162722706794739 0.20328783988952637 0.25811588764190674 0.1390574425458908 0.1424976885318756 0.16157622635364532 0.17359590530395508 0.19654962420463562 0.1886894404888153 0.36946916580200195 0.008980163373053074 0.21078380942344666 0.005356108769774437
0.43 0.385 0.228 0.299 0.316 0.152 0.11 0.201 0.088 0.354 0.132 0.047 0.084 0.255 0.076 0.128 0.039 0.019 0.071 0.104 0.104 0.458 0.013 0.273 0.0
0.463 0.418 0.26 0.352 0.34 0.25 0.229 0.267 0.222 0.366 0.263 0.221 0.226 0.326 0.227 0.272 0.223 0.219 0.255 0.265 0.279 0.447 0.225 0.351 0.224
0.7423107028007507 0.4534991979598999 0.607982337474823 0.3785844147205353 0.6532101631164551 0.44762223958969116 0.29007232189178467 0.21679407358169556 0.13794748485088348 0.17393505573272705 0.4170199930667877 0.06337236613035202 0.2836199998855591 0.12203404307365417 0.03371623158454895 0.4701898694038391 0.24880382418632507 0.7531940937042236 0.27125784754753113 0.03745295852422714 0.03424718603491783 0.007501149550080299 0.01783876121044159 0.0570216067135334 0.3505293130874634
0.342 0.23 0.392 0.182 0.326 0.133 0.129 0.094 0.104 0.076 0.219 0.16 0.052 0.071 0.04 0.053 0.036 0.138 0.145 0.008 0.021 0.037 0.01 0.051 0.122
0.323 0.236 0.376 0.22 0.316 0.203 0.219 0.205 0.209 0.192 0.285 0.256 0.189 0.213 0.196 0.182 0.205 0.239 0.262 0.176 0.194 0.217 0.199 0.197 0.219
0.7265229225158691 0.4759924113750458 0.4627186954021454 0.3044115900993347 0.7411420345306396 0.2961564362049103 0.5515887141227722 0.19714006781578064 0.3084620535373688 0.6011955142021179 0.14661622047424316 0.05496504157781601 0.10840421915054321 0.3043827712535858 0.20536068081855774 0.15246541798114777 0.09368978440761566 0.017726808786392212 0.01393960602581501 0.019391588866710663 0.1434924155473709 0.008597033098340034 0.00041026671533472836 0.048212967813014984 0.0028680802788585424
0.293 0.305 0.197 0.156 0.136 0.233 0.116 0.089 0.111 0.29 0.068 0.072 0.076 0.038 0.04 0.085 0.02 0.016 0.028 0.017 0.052 0.005 0.029 0.068 0.069
0.282 0.319 0.208 0.189 0.2 0.262 0.213 0.187 0.218 0.338 0.201 0.198 0.212 0.206 0.202 0.22 0.197 0.186 0.202 0.203 0.223 0.207 0.196 0.226 0.223
0.5734190940856934 0.9056056141853333 0.6187427043914795 0.6092635989189148 0.4083517789840698 0.35446763038635254 0.22561831772327423 0.2091016322374344 0.2592870593070984 0.45930197834968567 0.34680435061454773 0.206990584731102 0.26893550157546997 0.26428624987602234 0.5264045596122742 0.19308336079120636 0.08157467842102051 0.019424350932240486 0.5332247614860535 0.05453041195869446 0.07455573230981827 0.001712459372356534 0.11547811329364777 0.0011278684251010418 0.16035890579223633
0.48 0.431 0.21 0.342 0.39 0.208 0.189 0.192 0.103 0.084 0.062 0.068 0.166 0.111 0.248 0.057 0.026 0.023 0.116 0.016 0.039 0.02 0.026 0.003 0.107
0.45 0.419 0.252 0.364 0.427 0.258 0.239 0.28 0.21 0.21 0.18 0.186 0.243 0.226 0.319 0.173 0.162 0.168 0.253 0.177 0.177 0.183 0.185 0.159 0.239
0.7794451713562012 0.6333001255989075 0.45642250776290894 0.5292536020278931 0.4300425946712494 0.5362625122070312 0.3778972029685974 0.47919774055480957 0.27516970038414 0.08363211899995804 0.07099033892154694 0.08940044790506363 0.4595806300640106 0.05171720311045647 0.29930341243743896 0.0622737780213356 0.3837297856807709 0.38335731625556946 0.06698742508888245 0.06224631890654564 0.06380029022693634 0.0026547443121671677 0.006960771977901459 0.017430568113923073 0.0009072325774468482
0.399 0.512 0.235 0.153 0.207 0.172 0.181 0.099 0.366 0.098 0.053 0.041 0.065 0.04 0.044 0.015 0.204 0.206 0.004 0.029 0.007 0.002 0.021 0.024 0.0
0.438 0.496 0.262 0.215 0.26 0.241 0.245 0.212 0.354 0.212 0.2 0.173 0.191 0.196 0.213 0.181 0.301 0.284 0.198 0.207 0.193 0.175 0.197 0.201 0.186
0.6050669550895691 0.6211400032043457 0.4491094946861267 0.3693987727165222 0.47538939118385315 0.4316771626472473 0.46134257316589355 0.3573887348175049 0.07442303746938705 0.06414499133825302 0.42857301235198975 0.28484776616096497 0.38126182556152344 0.09917733073234558 0.45857304334640503 0.21144048869609833 0.07543352991342545 0.8231980800628662 0.023845547810196877 0.002850784221664071 0.02381780371069908 0.43729960918426514 0.0039496999233961105 0.017808597534894943 8.188732317648828e-05
0.451 0.37 0.238 0.252 0.144 0.136 0.348 0.397 0.083 0.098 0.148 0.044 0.043 0.034 0.307 0.077 0.028 0.434 0.014 0.001 0.0 0.051 0.001 0.0 0.0
0.459 0.385 0.265 0.288 0.208 0.222 0.374 0.416 0.209 0.204 0.226 0.212 0.207 0.206 0.332 0.234 0.209 0.442 0.188 0.179 0.174 0.234 0.194 0.181 0.193
0.6503700017929077 0.6861585378646851 0.6364302635192871 0.2971467077732086 0.6571391820907593 0.376583069562912 0.42871928215026855 0.45830923318862915 0.3789331018924713 0.29197803139686584 0.6819789409637451 0.39592596888542175 0.3876412510871887 0.08509904146194458 0.24917294085025787 0.24668149650096893 0.313306987285614 0.027350379154086113 0.0017435770714655519 0.11164425313472748 0.09392452239990234 0.2624131739139557 0.11112074553966522 2.0788450241088867 0.003358765970915556
0.444 0.327 0.202 0.192 0.356 0.131 0.106 0.1 0.07 0.105 0.064 0.061 0.056 0.061 0.032 0.101 0.106 0.146 0.022 0.022 0.034 0.117 0.018 0.396 0.036
0.444 0.355 0.22 0.221 0.361 0.198 0.194 0.201 0.182 0.204 0.189 0.184 0.179 0.196 0.189 0.215 0.251 0.262 0.196 0.195 0.195 0.226 0.186 0.423 0.217
0.6196408867835999 0.5827947854995728 0.37289920449256897 0.6472291350364685 0.6938127279281616 0.38512691855430603 0.2793740928173065 0.37656378746032715 0.4149186313152313 0.36380138993263245 0.2582896947860718 0.19413621723651886 0.1417178362607956 0.06197137013077736 0.026369484141469002 0.002885506022721529 0.05777839571237564 0.10863731801509857 0.11817357689142227 0.004011431708931923 0.10090216994285583 0.15093374252319336 0.006658958736807108 0.14418035745620728 0.0009726420394144952
0.433 0.43 0.17 0.159 0.427 0.127 0.162 0.232 0.298 0.045 0.044 0.068 0.048 0.027 0.059 0.021 0.047 0.031 0.026 0.01 0.041 0.025 0.006 0.007 0.0
0.449 0.448 0.226 0.237 0.441 0.225 0.258 0.312 0.376 0.192 0.22 0.22 0.204 0.195 0.208 0.217 0.21 0.203 0.201 0.195 0.212 0.201 0.191 0.199 0.184
0.6704118251800537 0.5600565075874329 0.4429694414138794 0.1815957874059677 0.590573787689209 0.7477521896362305 0.5330134630203247 0.2626567780971527 0.3430352807044983 0.28580597043037415 0.993759036064148 0.37499111890792847 0.3369486629962921 0.30097389221191406 0.3000118136405945 0.41205739974975586 0.17506754398345947 0.12018725275993347 0.14641928672790527 0.0659901350736618 0.26118430495262146 0.03683989495038986 0.05469128116965294 0.2767650783061981 0.013513654470443726
0.331 0.238 0.295 0.246 0.201 0.316 0.137 0.109 0.159 0.079 0.553 0.059 0.076 0.09 0.196 0.287 0.098 0.085 0.017 0.086 0.046 0.007 0.022 0.068 0.009
0.349 0.269 0.318 0.302 0.262 0.343 0.204 0.204 0.241 0.193 0.532 0.173 0.228 0.229 0.273 0.322 0.221 0.232 0.194 0.236 0.195 0.191 0.21 0.225 0.19
0.6875737309455872 0.6635074615478516 0.24400146305561066 0.6423963904380798 0.6470431685447693 0.7334558367729187 0.49842870235443115 0.5897830724716187 0.30845338106155396 0.2804803252220154 0.5177269577980042 0.18290302157402039 0.6032481789588928 0.08101264387369156 0.14319682121276855 0.204136461019516 0.06792562454938889 0.034697525203228 0.016801200807094574 0.09507346898317337 0.11774156242609024 0.033156078308820724 0.18352238833904266 1.0453262329101562 0.10866985470056534
0.441 0.269 0.306 0.149 0.235 0.282 0.09 0.139 0.113 0.07 0.116 0.062 0.321 0.064 0.179 0.053 0.036 0.025 0.011 0.028 0.128 0.013 0.121 0.167 0.004
0.442 0.31 0.335 0.205 0.28 0.328 0.203 0.257 0.208 0.213 0.248 0.175 0.349 0.18 0.298 0.178 0.188 0.187 0.184 0.171 0.259 0.171 0.244 0.248 0.17
0.6777446866035461 0.9540766477584839 0.6090508699417114 0.3291853368282318 0.8137825727462769 0.4255320131778717 0.520851194858551 0.8852958679199219 0.2292107790708542 0.3189485967159271 0.26978933811187744 0.28659000992774963 0.07892338931560516 0.028216777369379997 0.12254127860069275 0.001168000278994441 0.6975479125976562 0.5219688415527344 0.086658775806427 0.034438781440258026 0.07269573956727982 0.21882380545139313 0.05024489015340805 0.14173588156700134 0.12227887660264969
0.515 0.352 0.212 0.235 0.285 0.142 0.114 0.428 0.139 0.079 0.176 0.055 0.049 0.028 0.024 0.042 0.055 0.444 0.018 0.01 0.006 0.077 0.036 0.066 0.012
0.533 0.355 0.238 0.277 0.321 0.209 0.196 0.415 0.243 0.194 0.252 0.197 0.196 0.194 0.181 0.202 0.227 0.448 0.19 0.185 0.173 0.215 0.192 0.205 0.192
loss: 0.05196540802717209, train error rate: 0.026133333333333335, test error rate: 0.19866666666666669
