0.7464
0.6937
0.7072
0.7068
0.7000
0.7007
0.6995
0.6505
0.6713
0.7673
0.6854
0.6871
0.6565
0.6842
0.6709
0.6236
0.6306
0.6419
0.7100
0.6923
0.6543
0.6671
0.5545
0.7774
0.7284
0.7012
0.6260
0.7752
0.6579
0.6481
0.6170
0.6825
0.7115
0.6780
0.6279
0.7190
0.6806
0.6540
0.6716
0.7074
0.6295
0.6923
0.6205
0.7036
0.7189
0.7073
0.7127
0.7327
0.6847
0.6736
0.6851
0.6722
0.6794
0.6604
0.6524
0.6663
0.6815
0.6656
0.7171
0.7016
0.6774
0.6869
0.6265
0.6690
0.7086
0.6736
0.6792
0.6746
0.6608
0.6573
0.6692
0.6857
0.6741
0.6974
0.6504
0.6532
0.6845
0.6305
0.6246
0.6509
0.6598
0.6638
0.5683
0.7177
0.6562
0.6526
0.7497
0.6709
0.6701
0.6630
0.6502
0.6352
0.7385
0.6213
0.6741
0.6117
0.6384
0.6641
0.7465
0.7259
0.6660
0.6780
0.6678
0.6781
0.6848
0.6824
0.7052
0.6719
0.6418
0.7215
0.6962
0.6529
0.6240
0.6516
0.7021
0.6125
0.5925
0.6065
0.6180
0.6118
0.7194
0.6229
0.6611
0.5822
0.6570
0.6479
0.5534
0.6560
0.6868
0.5985
0.6375
0.5857
0.5742
0.7152
0.7012
0.5922
0.6159
0.6415
0.6428
0.7341
0.6257
0.6578
0.6353
0.6978
0.6762
0.6617
0.6846
0.6939
0.6654
0.7094
0.6223
0.6557
0.6387
0.6577
0.6886
0.6180
0.7066
0.6996
0.6449
0.6168
0.5277
0.5055
0.6838
0.6537
0.6602
0.6159
0.6722
0.6931
0.6980
0.6584
0.6663
0.6404
0.6782
0.7006
0.6472
0.6354
0.6390
0.6928
0.6456
0.6090
0.6071
0.6856
0.6296
0.7022
0.6570
0.6305
0.6384
0.5791
0.5561
0.4770
0.6797
0.5976
0.7039
0.6233
0.5264
0.7158
0.6879
0.5961
0.6538
0.6526
0.5957
0.6356
0.5917
0.5771
0.6268
0.6559
0.5793
0.6299
0.6356
0.6600
0.5407
0.7085
0.6404
0.5925
0.5792
0.7899
0.6244
0.6446
0.6011
0.6165
0.5943
0.7428
0.6189
0.5979
0.6156
0.6392
0.6640
0.6028
0.6178
0.5823
0.5894
0.6295
0.6016
0.6161
0.6280
0.5954
0.6100
0.5841
0.5693
0.5796
0.6166
0.6225
0.7791
0.6128
0.6107
0.6581
0.6395
0.7031
0.5663
0.6300
0.6402
0.5684
0.6523
0.6681
0.6345
0.6272
0.6127
0.6226
0.7288
0.5987
0.6038
0.6002
0.4974
0.7312
0.6129
0.7378
0.6063
0.6563
0.6467
0.6626
0.6986
0.5793
0.6293
0.6066
0.6191
0.6109
0.5725
0.5071
0.6595
0.6473
0.6131
0.6081
0.5639
0.5962
0.5740
0.5926
0.5030
0.5407
0.5642
0.6743
0.5977
0.5546
0.5501
0.5441
0.5403
0.5883
0.5834
0.4932
0.5481
0.6913
0.5745
0.5567
0.5056
0.6612
0.6543
0.6436
0.5810
0.6429
0.6072
0.5676
0.5816
0.6192
0.5792
0.6331
0.5433
0.5488
0.4620
0.6026
0.5894
0.6680
0.6241
0.5862
0.7429
0.6103
0.6110
0.5845
0.5053
0.5546
0.5500
0.5663
0.6172
0.5589
0.5270
0.5434
0.6533
0.6152
0.4299
0.6230
0.5250
0.6332
0.6184
0.5992
0.5660
0.6080
0.6663
0.5743
0.5007
0.5377
0.4992
0.5772
0.6115
0.5086
0.4232
0.5566
0.5805
0.4583
0.5623
0.5990
0.5997
0.5252
0.6268
0.5623
0.5275
0.4465
0.4989
0.6248
0.4634
0.5451
0.5921
0.6017
0.6668
0.5162
0.6298
0.5120
0.7801
0.5616
0.5300
0.5138
0.5236
0.6828
0.5504
0.6064
0.6083
0.6403
0.5259
0.6602
0.4389
0.5115
0.5488
0.5375
0.5940
0.6020
0.4775
0.5124
0.5559
0.6443
0.5622
0.5418
0.6265
0.6722
0.5993
0.5143
0.4725
0.6217
0.7137
0.6759
0.6304
0.5569
0.5371
0.5520
0.5555
0.5418
0.6327
0.4865
0.5165
0.5544
0.6153
0.5638
0.5138
0.5962
0.5935
0.5975
0.4400
0.4650
0.6483
0.5518
0.4502
0.5716
0.5394
0.5337
0.5449
0.4668
0.5602
0.6488
0.4262
0.5548
0.7577
0.4421
0.5800
0.4470
0.4884
0.5073
0.5313
0.6202
0.5122
0.4754
0.4278
0.5426
0.5297
0.5268
0.4251
0.4897
0.4947
0.3924
0.5945
0.3692
0.8083
0.4482
0.5581
0.5237
0.4555
0.4388
0.5861
0.6094
0.6063
0.4995
0.4470
0.5581
0.3887
0.4925
0.5004
0.5163
0.2554
0.8277
0.5531
0.5295
0.5017
0.5429
0.5609
0.5647
0.5943
0.6003
0.5380
0.4590
0.6214
0.5533
0.4662
0.5055
0.5844
0.5638
0.6054
0.4197
0.4213
0.5850
0.5785
0.6382
0.4175
0.4823
0.5456
0.4623
0.5612
0.5033
0.3926
0.4508
0.4435
0.5343
0.4674
0.6638
0.5853
0.4451
0.5903
0.5705
0.4229
0.4271
0.4346
0.4457
0.5707
0.4630
0.5568
0.4766
0.5896
0.4471
0.5347
0.5265
0.3791
0.5304
0.4628
0.5052
0.4462
0.5990
0.5393
0.6018
0.4603
0.4390
0.3980
0.6137
0.4930
0.5573
0.4319
0.3945
0.6816
0.5421
0.6626
0.4696
0.5325
0.3758
0.5522
0.4917
0.5081
0.6046
0.5425
0.4904
0.4265
0.5681
0.3624
0.5631
0.4316
0.3583
0.4255
0.3178
0.6005
0.5246
0.7708
0.5040
0.6037
0.5470
0.4931
0.3915
0.4787
0.5214
0.5066
0.7092
0.5612
0.5199
0.2961
0.6163
0.5436
0.5056
0.3612
0.5323
0.5286
0.4945
0.5776
0.5566
0.3944
0.3709
0.3395
0.5287
0.6602
0.5326
0.4288
0.4496
0.5655
0.5356
0.4223
0.6052
0.4654
0.4659
0.5676
0.5781
0.5817
0.5972
0.4338
0.4682
0.3958
0.6798
0.4521
0.4239
0.4280
0.5560
0.4064
0.4845
0.5136
0.3465
0.5342
0.4321
0.5520
0.5467
0.4363
0.4075
0.5496
0.5556
0.5401
0.5649
0.3567
0.4812
0.4650
0.5828
0.3316
0.4391
0.4652
0.4869
0.2756
0.4570
0.4560
0.5788
0.4634
0.3978
0.4287
0.4436
0.5023
0.5500
0.5352
0.3045
0.3775
0.4748
0.4484
0.4671
0.4446
0.4131
0.5469
0.5308
0.5782
0.3752
0.6631
0.4675
0.6327
0.4672
0.4635
0.4649
0.3986
0.5922
0.4679
0.3997
0.4146
0.5170
0.3664
0.6447
0.5566
0.4592
0.2447
0.4128
0.3565
0.4837
0.2372
0.4039
0.5108
0.3971
0.4422
0.3923
0.7574
0.5016
0.3933
0.4632
0.5361
0.3962
0.4607
0.5669
0.5321
0.4323
0.3876
0.4670
0.4279
0.3897
0.5218
0.4096
0.5273
0.4191
0.5286
0.5613
0.4300
0.5108
0.5164
0.4014
0.4692
0.3269
0.5681
0.4131
0.3985
0.4756
0.3946
0.5164
0.6642
0.3370
0.2231
0.5504
0.5443
0.4640
0.4490
0.2435
0.4504
0.4386
0.4425
0.4526
0.3690
0.7242
0.2989
0.4102
0.4318
0.6225
0.5432
0.4149
0.4600
0.5245
0.3062
0.3701
0.3974
0.5436
0.3703
0.4039
0.4813
0.4377
0.3067
0.4485
0.5601
0.2860
0.3207
0.4035
0.4456
0.3419
0.3535
0.4759
0.4277
0.5576
0.4140
0.3454
0.7115
0.5380
0.6132
0.5453
0.3523
0.4460
0.3553
0.5416
0.4751
0.4315
0.4686
0.4242
0.3671
0.4157
0.6526
0.6086
0.3067
0.3051
0.4099
0.4489
0.3954
0.3675
0.3781
0.3378
0.3577
0.4368
0.4628
0.4165
0.3536
0.5652
0.3652
0.5417
0.5484
0.2883
0.3067
0.3612
0.3671
0.3724
0.4937
0.4296
0.4152
0.3917
0.4420
0.3853
0.3967
0.5133
0.2809
0.3826
0.3044
0.4442
0.5182
0.4919
0.5201
0.4584
0.3090
0.5471
0.3227
0.5159
0.7176
0.4099
0.4151
0.4074
0.3897
0.3288
0.3922
0.4693
0.4912
0.4754
0.3562
0.2298
0.3239
0.3944
0.3951
0.2801
0.3940
0.4661
0.4487
0.2680
0.3637
0.6863
0.2972
0.2867
0.4783
0.4485
0.3286
0.4938
0.4311
0.3544
0.2632
0.3903
0.3965
0.6256
0.4684
0.2715
0.3073
0.3066
0.3657
0.4729
0.2869
0.4616
0.4889
0.6446
0.3244
0.5091
0.2438
0.3397
0.4249
0.5007
0.4422
0.2928
0.4358
0.3928
0.4447
0.3262
0.2388
0.3774
0.4764
0.4897
0.3551
0.4310
0.2538
0.2979
0.4522
0.3772
0.4008
0.3979
0.5442
0.3631
0.2876
0.3257
0.3377
0.5681
0.5348
0.4640
0.4339
0.3399
0.2811
0.3825
0.5583
0.5276
0.4521
0.4668
0.3458
0.3276
0.3823
0.4433
0.1500
0.5408
0.5864
0.3723
0.3862
0.4103
0.3568
0.6041
0.3716
0.3121
0.3822
0.2770
0.3607
0.2668
0.3521
0.3507
0.3673
0.3787
0.2741
0.3575
0.4118
0.2933
0.2215
0.4281
0.6938
0.4018
0.4289
0.3762
0.4664
0.3003
0.4003
0.3317
0.4038
0.4001
0.3342
0.4170
0.3140
0.5595
0.5437
0.4284
0.4032
0.3852
0.3985
0.2633
0.3665
0.4505
0.2569
0.4173
0.5653
0.5212
0.3699
0.4039
0.3428
0.3870
0.2751
0.5695
0.4607
0.3795
0.3244
0.3392
0.2215
0.4372
0.1972
0.3387
0.3918
0.2189
0.2092
0.4520
0.7554
0.2563
0.3588
0.2880
0.4261
0.2228
0.4426
0.2779
0.2539
0.4727
0.2628
0.3734
0.4489
0.2127
0.3480
0.3450
0.3826
0.3975
0.2651
0.2289
0.3540
0.4014
0.3246
0.3878
0.3665
0.5765
0.4199
0.1872
0.2373
0.3057
0.3444
0.3914
0.2415
0.3018
0.4386
0.4679
0.2967
0.2661
0.3809
0.3318
0.4287
0.3670
0.2747
0.3219
0.2057
0.4734
0.4870
0.3143
0.3133
0.3334
0.2983
0.3532
0.2671
0.2779
0.3768
0.4408
0.3484
0.6189
0.8316
0.4208
0.2778
0.4107
0.1651
0.2348
0.2888
0.2789
0.3333
0.4107
0.2926
0.3653
0.3180
0.2205
0.2774
0.4723
0.2214
0.1996
0.4954
0.4975
0.4717
0.5576
0.2912
0.4101
0.3274
0.2708
0.2121
0.3294
0.3472
0.3483
0.4034
0.4851
0.2617
0.4081
0.6040
0.3025
0.5298
0.3736
0.3437
0.1946
0.4737
0.4179
0.4215
0.5642
0.4442
0.3747
0.5118
0.3486
0.3682
0.4102
0.3818
0.3219
0.2305
0.3606
0.3704
0.3101
0.2708
0.2886
0.2182
0.2622
0.3555
0.3682
0.4206
0.3144
0.3444
0.1656
0.2004
0.5356
0.2600
0.3572
0.1352
0.3961
0.5177
0.2244
0.2596
0.2590
0.3983
0.4202
0.3251
0.3203
0.4989
0.3680
0.3448
0.3863
0.1861
0.3580
0.3254
0.3297
0.4628
0.1947
0.2483
0.2933
0.2609
0.4034
0.3172
0.3636
0.3960
0.2913
0.1786
0.2284
0.1616
0.3635
0.8820
0.2822
0.2386
0.4804
0.2081
0.1869
0.4366
0.2156
0.1692
0.1488
0.2448
0.3023
0.3269
0.3694
0.3877
0.3288
0.4045
0.2824
0.4594
0.2379
0.5688
0.3553
0.3744
0.2101
0.3010
0.2398
0.2719
0.2062
0.2441
0.2150
0.3038
0.3174
0.1925
0.2106
0.2496
0.2564
0.3960
0.2493
0.3088
0.2048
0.2398
0.1465
0.1975
0.3322
0.3851
0.5462
0.3346
0.2266
0.2029
0.4086
0.3981
0.3972
0.2757
0.3327
0.2516
0.3412
0.3229
0.3537
0.2221
0.2178
0.2861
0.2509
0.3182
0.2764
0.3709
0.6792
0.9083
0.5887
0.3298
0.3465
0.4276
0.3026
0.3229
0.2275
0.2830
0.3232
0.1861
0.2219
0.1824
0.2327
0.4515
0.3629
0.2331
0.2221
0.2060
0.2872
0.2946
0.2579
0.1266
0.3048
0.3058
0.4046
0.3314
0.3566
0.3492
0.4675
0.2245
0.4860
0.7097
0.3072
0.3008
0.2694
0.2028
0.3051
0.2576
0.4776
0.3633
0.2174
0.1745
0.1349
0.2679
0.2597
0.2620
0.3533
0.3933
0.1988
0.1367
0.4488
0.2336
0.1489
0.0879
0.2902
0.3282
0.2079
0.2884
0.3871
0.1602
0.2041
0.2470
0.2612
0.3393
0.2706
0.3649
0.2805
0.3119
0.2933
0.2334
0.5230
0.2117
0.1709
0.6008
0.2904
0.3669
0.2470
0.3386
0.3570
0.1969
0.2278
0.1576
0.4133
0.4312
0.3223
0.2758
0.3083
0.2928
0.3344
0.2632
0.2284
0.5958
0.3886
0.2428
0.2550
0.1839
0.4467
0.5467
0.2450
0.1993
0.3436
0.2160
0.1584
0.2671
0.2513
0.1763
0.1819
0.2503
0.3442
0.1880
0.1771
0.2169
0.4767
0.7128
0.1818
0.4029
0.2975
0.2378
0.1981
0.2820
0.3956
0.2621
0.3229
0.2482
0.3199
0.2244
0.3057
0.2600
0.3274
0.2018
0.3017
0.2148
0.2017
0.2080
0.1304
0.1891
0.2540
0.1131
0.3619
0.3170
0.4474
0.2239
0.5425
0.2190
0.2254
0.1787
0.2010
0.4149
0.3158
0.5116
0.3677
0.1707
0.2361
0.2413
0.2265
0.3279
0.2015
0.2559
0.1663
0.2104
0.2120
0.2019
0.2307
0.2640
0.4738
0.4674
0.2029
0.1921
0.3680
0.2371
0.3301
0.2894
0.4157
0.3123
0.2874
0.1832
0.1143
0.1622
0.0723
0.1656
0.3143
0.4737
0.6421
0.2352
0.2984
0.2039
0.1199
0.1654
0.2101
0.2380
0.2521
0.3199
0.2898
0.2918
0.1947
0.1519
0.1498
0.0898
0.1442
0.1540
0.3116
0.4041
0.1905
0.2633
0.1864
0.3188
0.3264
0.3202
0.1179
0.3078
0.2617
0.2283
0.1675
0.1037
0.1874
0.1077
0.0808
0.2561
0.2899
0.1763
0.4396
0.2538
0.0948
0.1719
0.2032
0.2307
0.2289
0.1329
0.1294
0.1819
0.2361
0.3101
0.2973
0.2937
0.3126
0.3068
0.2242
0.3101
0.3206
0.2033
0.1350
0.2425
0.2448
0.3540
0.3041
0.3988
0.1365
0.1643
0.3030
0.2948
0.1143
0.2393
0.3874
0.1966
0.3470
0.1958
0.1847
0.2037
0.3661
0.0944
0.2835
0.2194
0.1500
0.1856
0.3939
0.1382
0.2105
0.2819
0.1623
0.2324
0.3002
0.2083
0.0685
0.2896
0.1773
0.2056
0.1870
0.2678
0.1949
0.1103
0.1344
0.1818
0.1075
0.3654
0.2171
0.1489
0.1772
0.2566
0.0972
0.1331
0.2734
0.3549
0.2070
0.2185
0.2529
0.2403
0.2398
0.1386
0.0958
0.1926
0.0775
0.1600
0.1381
0.0825
0.1882
0.2597
0.1672
0.2059
0.2474
0.1735
0.1957
0.0641
0.1834
0.3111
0.2135
0.0978
0.2723
0.0916
0.1229
0.1658
0.0991
0.1893
0.2029
0.1148
0.0995
0.2681
0.2522
0.3416
0.3355
0.2664
0.1530
0.1734
0.2319
0.3514
0.3041
0.0806
0.3131
0.2525
0.2918
0.2376
0.2228
0.1959
0.3598
0.3022
0.2190
0.4127
0.2542
0.1312
0.0398
0.1813
0.2344
0.2736
0.1830
0.2734
0.0978
0.1474
0.1030
0.1553
0.1826
0.2002
0.1406
0.3730
0.1362
0.1276
0.2632
0.1579
0.1158
0.2643
0.1726
0.1156
0.2642
0.2748
0.2067
0.1005
0.2672
0.4252
0.3211
0.1357
0.1870
0.1128
0.3859
0.1455
0.1135
0.2170
0.1439
0.3016
0.0839
0.3056
0.1357
0.1107
0.2014
0.1482
0.1504
0.2338
0.2313
0.1023
0.1352
0.1081
0.1519
0.2082
0.3136
0.2619
0.2402
0.1608
0.0739
0.1041
0.1571
0.1191
0.1512
0.2354
0.1480
0.2682
0.0701
0.2851
0.1107
0.1696
0.1782
0.2861
0.1638
0.0907
0.1702
0.1585
0.0659
0.0985
0.0984
0.1216
0.3224
0.1175
0.1814
0.1627
0.2021
0.1913
0.2218
0.4062
0.0902
0.0731
0.3714
0.0781
0.1096
0.0780
0.1862
0.1193
0.0838
0.2004
0.3316
0.1124
0.0965
0.1983
0.2941
0.2582
0.0774
0.1406
0.2379
0.0959
0.1395
0.0736
0.0915
0.0750
0.0857
0.1651
0.2199
0.2999
0.1043
0.0925
0.0709
0.0650
0.2201
0.6021
0.5759
0.1134
0.2476
0.3598
0.1672
0.2315
0.2448
0.3487
0.1355
0.0830
0.1174
0.2367
0.1725
0.2819
0.1204
0.1611
0.1663
0.1215
0.1221
0.1941
0.0593
0.1916
0.2767
0.0527
0.2294
0.1129
0.0549
0.2174
0.2982
0.0930
0.1299
0.1433
0.2668
0.1011
0.1282
0.1262
0.0858
0.0891
0.1277
0.1126
0.0666
0.1551
0.0951
0.2647
0.1119
0.1606
0.1883
0.1413
0.3569
0.1383
0.1775
0.0575
0.1223
0.0586
0.0676
0.3381
0.6334
0.6062
0.0970
0.1646
0.1079
0.1142
0.1954
0.1997
0.1061
0.1427
0.1854
0.2245
0.1701
0.1558
0.1645
0.1042
0.1722
0.1407
0.1730
0.1849
0.1568
0.2056
0.1663
0.0795
0.0620
0.1446
0.0951
0.0500
0.1216
0.2329
0.0988
0.1004
0.1003
0.1113
0.1087
0.2782
0.0634
0.1221
0.0831
0.0613
0.0970
0.1123
0.1625
0.1218
0.2229
0.1257
0.0467
0.1003
0.1420
0.1704
0.0978
0.0523
0.0774
0.1452
0.1283
0.1443
0.1723
0.3454
0.0893
0.0554
0.1316
0.2645
0.1684
0.1221
0.1498
0.1821
0.0820
0.1631
0.1970
0.1346
0.1012
0.1261
0.1110
0.0755
0.0873
0.0700
0.1330
0.0650
0.2795
0.2684
0.0618
0.0603
0.1441
0.1206
0.1255
0.1712
0.0706
0.0996
0.0986
0.0680
0.0730
0.0748
0.2090
0.1685
0.2561
0.1623
0.0999
0.0976
0.0566
0.2279
0.1117
0.1641
0.0532
0.1110
0.1535
0.0866
0.1991
0.1239
0.1343
0.1650
0.0638
0.0717
0.0724
0.2751
0.0684
0.0856
0.0956
0.0719
0.1526
0.2701
0.3333
0.1982
0.0878
0.0555
0.0975
0.2070
0.0832
0.1117
0.1786
0.1438
0.1263
0.2028
0.1279
0.0708
0.0434
0.0798
0.1529
0.1104
0.0708
0.0538
0.1354
0.0574
0.0885
0.0353
0.1572
0.2152
0.0988
0.0901
0.1068
0.0307
0.1218
0.1021
0.1408
0.1058
0.0768
0.1248
0.0703
0.1740
0.0581
0.1340
0.0791
0.1346
0.0838
0.1297
0.0953
0.1043
0.0373
0.1779
0.1636
0.1295
0.0871
0.0704
0.0920
0.0422
0.1048
0.1075
0.1044
0.0819
0.3320
0.1675
0.0813
0.1324
0.2777
0.1830
0.0555
0.1148
0.0706
0.0207
0.0617
0.0952
0.1108
0.1476
0.1258
0.0614
0.0447
0.0981
0.1195
0.1371
0.2503
0.0993
0.0765
0.0465
0.0514
0.0619
0.0575
0.0812
0.0449
0.0481
0.0584
0.0319
0.0773
0.0524
0.0741
0.1647
0.0880
0.2290
0.0902
0.0714
0.0478
0.0878
0.0617
0.0682
0.0764
0.1821
0.0708
0.0324
0.0985
0.0771
0.1610
0.0668
0.1200
0.1834
0.1781
0.1742
0.1357
0.0796
0.1324
0.1771
0.0394
0.0552
0.0940
0.1343
0.0745
0.0648
0.1058
0.0834
0.0653
0.1110
0.0656
0.0677
0.0772
0.0726
0.1223
0.0559
0.0772
0.0646
0.1617
0.1185
0.1185
0.0445
0.0605
0.0444
0.1454
0.0708
0.0931
0.0575
0.0330
0.1147
0.1184
0.0434
0.0656
0.0387
0.0572
0.0745
0.0532
0.0500
0.0549
0.0437
0.0396
0.0480
0.1099
0.1123
0.0675
0.0702
0.0435
0.0895
0.0611
0.0548
0.0501
0.0499
0.0475
0.1233
0.0550
0.1320
0.1044
0.0642
0.0994
0.1267
0.1177
0.0580
0.0398
0.1111
0.0521
0.0949
0.1277
0.0612
0.0192
0.0680
0.0684
0.0923
0.0640
0.0806
0.2254
0.5709
0.1964
0.1169
0.0483
0.0667
0.0413
0.0423
0.0312
0.0634
0.1219
0.1937
0.0456
0.0637
0.0752
0.0315
0.0401
0.0937
0.0445
0.0648
0.1219
0.0368
0.0278
0.0256
0.0379
0.0768
0.0560
0.0785
0.0676
0.0384
0.0247
0.0800
0.0289
0.0797
0.0383
0.0516
0.0357
0.0524
0.0795
0.0512
0.0341
0.0844
0.0818
0.0307
0.1096
0.0395
0.0504
0.1226
0.0444
0.0669
0.0272
0.0419
0.0805
0.1046
0.1799
0.0939
0.0380
0.0595
0.0647
0.0899
0.1290
0.1107
0.1379
0.0819
0.0299
0.0360
0.0827
0.1048
0.0545
0.0528
0.0372
0.0659
0.0469
0.0386
0.0797
0.0483
0.0321
0.0324
0.0204
0.0973
0.0708
0.0859
0.0147
0.0431
0.0189
0.0946
0.0209
0.0746
0.1209
0.1146
0.0427
0.0542
0.1243
0.1228
0.0481
0.0869
0.0908
0.0114
0.1062
0.0566
0.0580
0.0420
0.1031
0.0329
0.0724
0.0217
0.0561
0.0682
0.0972
0.0219
0.1646
0.0693
0.1597
0.0808
0.0367
0.0840
0.0598
0.0431
0.0351
0.0414
0.0201
0.0564
0.0298
0.0561
0.0923
0.0492
0.0603
0.0479
0.0653
0.0385
0.0381
0.0322
0.0099
0.0583
0.0428
0.0247
0.0674
0.0375
0.0302
0.0366
0.0798
0.0690
0.0411
0.0519
0.0483
0.0576
0.0208
0.0525
0.0831
0.0282
0.0229
0.0565
0.0225
0.0333
0.0431
0.0680
0.0612
0.0802
0.0775
0.0772
0.1036
0.0940
0.0457
0.0429
0.0418
0.0947
0.0186
0.1060
0.0755
0.0180
0.0182
0.0261
0.0683
0.1976
0.1846
0.1685
0.0847
0.0714
0.0144
0.0482
0.0432
0.0340
0.0382
0.0400
0.0356
0.0391
0.0180
0.0271
0.0534
0.0772
0.0975
0.0327
0.0761
0.0609
0.0267
0.0603
0.1000
0.0518
0.0401
0.0317
0.0266
0.0326
0.0532
0.0177
0.0500
0.0303
0.0357
0.0638
0.0915
0.0606
0.0712
0.0582
0.0473
0.0397
0.0566
0.0700
0.0545
0.0217
0.0681
0.0256
0.0130
0.0176
0.0509
0.0153
0.0602
0.0448
0.0492
0.0321
0.0232
0.0325
0.0329
0.0293
0.0262
0.0404
0.0380
0.0516
0.0364
0.0844
0.0446
0.0316
0.0411
0.0553
0.0227
0.0441
0.0839
0.0475
0.0570
0.0943
0.1073
0.0540
0.0169
0.0324
0.0443
0.0458
0.0361
0.0211
0.0657
0.0258
0.0742
0.0493
0.0217
0.0300
0.0322
0.0225
0.0504
0.0511
0.0551
0.0591
0.0507
0.0366
0.0175
0.0224
0.0333
0.0295
0.0369
0.0142
0.0368
0.0164
0.0272
0.0439
0.0198
0.0303
0.0216
0.0274
0.0347
0.0267
0.0266
0.0471
0.0280
0.0468
0.0470
0.0333
0.0181
0.0297
0.0528
0.0266
0.0900
0.0682
0.0769
0.0291
0.0095
0.0455
0.0283
0.0670
0.0238
0.0131
0.0610
0.0436
0.0423
0.0181
0.0259
0.0147
0.0177
0.0381
0.0745
0.0214
0.0660
0.0236
0.0157
0.1084
0.0162
0.0455
0.0413
0.0200
0.0252
0.0184
0.0492
0.0235
0.0287
0.0231
0.0531
0.0384
0.0319
0.0470
0.0556
0.0221
0.0228
0.0283
0.0154
0.0281
0.0618
0.0402
0.0415
0.0433
0.0275
0.0200
0.0396
0.0327
0.0227
0.0200
0.0341
0.0329
0.0167
0.0212
0.0587
0.0497
0.0391
0.0368
0.0194
0.0238
0.0247
0.0460
0.0482
0.0357
0.0234
0.0266
0.0179
0.0239
0.0384
0.0274
0.0187
0.0356
0.0317
0.0178
0.0268
0.0500
0.0157
0.0131
0.0256
0.0132
0.0209
0.0374
0.0283
0.0694
0.0233
0.0525
0.0301
0.0231
0.0263
0.0386
0.0353
0.0231
0.0306
0.0307
0.0239
0.0336
0.0453
0.0166
0.1246
0.1559
0.1026
0.0608
0.0214
0.0226
0.0325
0.0543
0.0194
0.0174
0.0163
0.0144
0.0174
0.0156
0.0155
0.0253
0.0237
0.0158
0.0322
0.0441
0.0183
0.0200
0.0325
0.0433
0.0245
0.0101
0.0180
0.0243
0.0205
0.0121
0.0232
0.0340
0.0328
0.0350
0.0216
0.0137
0.0168
0.0086
0.0137
0.0157
0.0295
0.0337
0.0209
0.0460
0.0240
0.0429
0.0351
0.0200
0.0332
0.0382
0.0092
0.0187
0.0255
0.0294
0.0186
0.0392
0.0270
0.0330
0.0290
0.0089
0.0251
0.0322
0.0239
0.0206
0.0202
0.0377
0.0189
0.0185
0.0206
